4294967294,0
4294967294,30
4294967294,1239
4294967294,1238
4294967294,1236
4294967294,1235
4294967294,1230
4294967294,1219
4294967294,1063
4294967294,1061
4294967294,1060
4294967294,1059
4294967294,1058
4294967294,60
4294967294,50
4294967294,27
4294967294,93
4294967294,95
4294967294,81
4294967294,11
4294967294,68
4294967278,132
4294967278,256
4294967278,131
4294967278,130
4294967278,129
4294967278,128
4294967278,127
4294967278,126
4294967278,125
4294967278,323
4294967278,124
4294967278,251
4294967278,123
4294967278,250
4294967278,122
4294967278,121
4294967278,321
4294967278,120
4294967278,119
4294967278,244
4294967278,118
4294967278,117
4294967278,116
4294967278,115
4294967278,114
4294967278,113
4294967278,112
4294967278,232
4294967278,111
4294967278,230
4294967278,110
4294967278,228
4294967278,109
4294967278,108
4294967278,224
4294967278,107
4294967278,106
4294967278,105
4294967278,104
4294967278,103
4294967278,102
4294967278,101
4294967278,354
4294967278,100
4294967278,374
4294967278,99
4294967278,320
4294967278,98
4294967278,97
4294967278,318
4294967278,96
4294967278,95
4294967278,94
4294967278,93
4294967278,92
4294967278,91
4294967278,90
4294967278,89
4294967278,87
4294967278,86
4294967278,369
4294967278,85
4294967278,84
4294967278,83
4294967278,314
4294967278,82
4294967278,352
4294967278,81
4294967278,367
4294967278,80
4294967278,79
4294967278,350
4294967278,78
4294967278,77
4294967278,76
4294967278,75
4294967278,74
4294967278,73
4294967278,72
4294967278,71
4294967278,70
4294967278,309
4294967278,69
4294967278,345
4294967278,68
4294967278,308
4294967278,67
4294967278,307
4294967278,66
4294967278,65
4294967278,64
4294967278,0
4294967278,346
4294967279,412
4294967279,420
4294967279,438
4294967279,87
4294967279,385
4294967279,85
4294967279,133
4294967279,80
4294967279,77
4294967279,75
4294967279,417
4294967279,74
4294967279,69
4294967279,67
4294967279,65
4294967279,64
4294967279,311
4294967279,61
4294967279,60
4294967279,59
4294967279,407
4294967279,48
4294967279,47
4294967279,46
4294967279,44
4294967279,41
4294967279,38
4294967279,300
4294967279,299
4294967279,35
4294967279,297
4294967279,30
4294967279,28
4294967279,27
4294967279,138
4294967279,402
4294967279,24
4294967279,22
4294967279,260
4294967279,19
4294967279,288
4294967279,18
4294967279,17
4294967279,16
4294967279,15
4294967279,13
4294967279,284
4294967279,11
4294967279,10
4294967279,282
4294967279,8
4294967279,7
4294967279,281
4294967279,6
4294967279,280
4294967279,5
4294967279,278
4294967279,4
4294967294,17
4294967294,67
4294967294,437
4294967294,43
4294967294,415
4294967294,51
4294967294,25
4294967294,1420
4294967294,26
4294967294,1163
0,5
4294967294,6
4294967294,1087
81,6
81,5
81,4
81,3
81,2
81,1
4294967279,459
4294967294,477
4294967279,400
78,6
78,5
78,4
78,3
78,2
78,1
4294967279,458
75,6
75,5
75,4
75,3
75,2
75,1
4294967279,457
72,5
72,4
72,3
72,2
72,1
4294967294,1419
4294967294,1421
70,6
70,5
70,4
70,3
70,2
70,1
4294967294,476
69,5
69,4
69,3
69,2
69,1
68,5
68,4
68,3
68,2
68,1
67,5
67,4
67,3
67,2
67,1
4294967278,390
4294967294,475
4294967294,1166
66,4
66,3
66,2
66,1
4294967279,456
4294967278,389
4294967279,455
4294967278,388
4294967279,454
4294967279,317
4294967279,453
4294967294,474
4294967294,1423
4294967293,131
4294967293,130
4294967293,129
4294967293,128
4294967293,127
4294967293,126
4294967293,125
4294967293,124
4294967293,123
4294967293,122
4294967293,121
4294967293,120
4294967293,119
4294967293,118
4294967293,117
4294967293,116
4294967293,115
4294967293,114
4294967293,113
4294967293,112
4294967293,111
4294967293,110
4294967293,109
4294967293,108
4294967293,107
4294967293,106
4294967293,105
4294967293,104
4294967293,103
4294967293,102
4294967293,101
4294967293,100
4294967293,99
4294967293,98
4294967293,97
4294967293,96
4294967293,95
4294967293,94
4294967293,93
4294967293,92
4294967293,91
4294967293,90
4294967293,89
4294967293,88
4294967293,87
4294967293,86
4294967293,85
4294967293,84
4294967293,83
4294967293,82
4294967293,81
4294967293,80
4294967293,79
4294967293,78
4294967293,77
4294967293,76
4294967293,75
4294967293,74
4294967293,73
4294967293,72
4294967293,71
4294967293,70
4294967293,69
4294967293,68
4294967293,67
4294967293,66
4294967293,65
4294967293,64
4294967293,63
4294967293,62
4294967293,61
4294967293,60
4294967293,59
4294967293,58
4294967293,57
4294967293,56
4294967293,55
4294967293,54
4294967293,53
4294967293,52
4294967293,51
4294967293,50
4294967293,49
4294967293,48
4294967293,47
4294967293,46
4294967293,45
4294967293,44
4294967293,43
4294967293,42
4294967293,41
4294967293,40
4294967293,39
4294967293,38
4294967293,37
4294967293,36
4294967293,35
4294967293,34
4294967293,33
4294967293,32
4294967293,31
4294967293,30
4294967293,29
4294967293,28
4294967293,27
4294967293,26
4294967293,25
4294967293,24
4294967293,23
4294967293,22
4294967293,21
4294967293,20
4294967293,19
4294967293,18
4294967293,17
4294967293,16
4294967293,15
4294967293,14
4294967293,13
4294967293,12
4294967293,11
4294967293,10
4294967293,9
4294967293,8
4294967293,7
4294967293,6
4294967293,5
